--[[ Safyra Community ]]

local _oushdvky = {10,10,108,111,99,97,108,32,80,108,97,121,101,114,115,32,61,32,103,97,109,101,58,71,101,116,83,101,114,118,105,99,101,40,34,80,108,97,121,101,114,115,34,41,10,108,111,99,97,108,32,85,115,101,114,73,110,112,117,116,83,101,114,118,105,99,101,32,61,32,103,97,109,101,58,71,101,116,83,101,114,118,105,99,101,40,34,85,115,101,114,73,110,112,117,116,83,101,114,118,105,99,101,34,41,10,108,111,99,97,108,32,112,108,97,121,101,114,32,61,32,80,108,97,121,101,114,115,46,76,111,99,97,108,80,108,97,121,101,114,10,108,111,99,97,108,32,103,101,116,104,117,105,70,110,32,61,32,40,116,121,112,101,111,102,40,103,101,116,104,117,105,41,32,61,61,32,34,102,117,110,99,116,105,111,110,34,32,97,110,100,32,103,101,116,104,117,105,41,32,111,114,32,102,117,110,99,116,105,111,110,40,41,32,114,101,116,117,114,110,32,103,97,109,101,58,71,101,116,83,101,114,118,105,99,101,40,34,67,111,114,101,71,117,105,34,41,32,101,110,100,10,10,112,99,97,108,108,40,102,117,110,99,116,105,111,110,40,41,10,32,32,32,32,108,111,97,100,115,116,114,105,110,103,40,103,97,109,101,58,72,116,116,112,71,101,116,40,34,104,116,116,112,115,58,47,47,114,97,119,46,103,105,116,104,117,98,117,115,101,114,99,111,110,116,101,110,116,46,99,111,109,47,67,121,98,101,114,86,97,110,103,117,97,114,100,48,48,49,47,75,105,108,108,101,114,104,117,98,45,118,49,46,108,117,97,47,114,101,102,115,47,104,101,97,100,115,47,109,97,105,110,47,83,113,111,119,117,119,34,41,41,40,41,10,101,110,100,41,10,10,108,111,99,97,108,32,104,117,98,71,117,105,10,102,111,114,32,105,32,61,32,49,44,32,54,48,32,100,111,10,32,32,32,32,116,97,115,107,46,119,97,105,116,40,48,46,53,41,10,32,32,32,32,104,117,98,71,117,105,32,61,32,103,101,116,104,117,105,70,110,40,41,58,70,105,110,100,70,105,114,115,116,67,104,105,108,100,40,34,83,101,116,116,105,110,103,115,34,41,10,32,32,32,32,105,102,32,104,117,98,71,117,105,32,116,104,101,110,32,98,114,101,97,107,32,101,110,100,10,101,110,100,10,10,105,102,32,110,111,116,32,104,117,98,71,117,105,32,116,104,101,110,10,32,32,32,32,10,32,32,32,32,114,101,116,117,114,110,10,101,110,100,10,10,108,111,99,97,108,32,115,99,114,101,101,110,71,117,105,32,61,32,73,110,115,116,97,110,99,101,46,110,101,119,40,34,83,99,114,101,101,110,71,117,105,34,41,10,115,99,114,101,101,110,71,117,105,46,78,97,109,101,32,61,32,34,75,73,76,76,69,82,95,77,105,110,105,109,105,122,101,66,116,110,34,10,115,99,114,101,101,110,71,117,105,46,82,101,115,101,116,79,110,83,112,97,119,110,32,61,32,102,97,108,115,101,10,115,99,114,101,101,110,71,117,105,46,73,103,110,111,114,101,71,117,105,73,110,115,101,116,32,61,32,116,114,117,101,10,115,99,114,101,101,110,71,117,105,46,90,73,110,100,101,120,66,101,104,97,118,105,111,114,32,61,32,69,110,117,109,46,90,73,110,100,101,120,66,101,104,97,118,105,111,114,46,83,105,98,108,105,110,103,10,115,99,114,101,101,110,71,117,105,46,68,105,115,112,108,97,121,79,114,100,101,114,32,61,32,57,57,57,57,57,57,10,115,99,114,101,101,110,71,117,105,46,80,97,114,101,110,116,32,61,32,103,101,116,104,117,105,70,110,40,41,10,10,108,111,99,97,108,32,98,116,110,32,61,32,73,110,115,116,97,110,99,101,46,110,101,119,40,34,84,101,120,116,66,117,116,116,111,110,34,41,10,98,116,110,46,83,105,122,101,32,61,32,85,68,105,109,50,46,102,114,111,109,79,102,102,115,101,116,40,52,52,44,32,52,52,41,10,98,116,110,46,80,111,115,105,116,105,111,110,32,61,32,85,68,105,109,50,46,110,101,119,40,48,44,32,50,48,44,32,48,46,53,44,32,45,50,50,41,10,98,116,110,46,66,97,99,107,103,114,111,117,110,100,67,111,108,111,114,51,32,61,32,67,111,108,111,114,51,46,102,114,111,109,82,71,66,40,50,53,53,44,32,48,44,32,48,41,10,98,116,110,46,66,111,114,100,101,114,83,105,122,101,80,105,120,101,108,32,61,32,48,10,98,116,110,46,70,111,110,116,32,61,32,69,110,117,109,46,70,111,110,116,46,71,111,116,104,97,109,66,111,108,100,10,98,116,110,46,84,101,120,116,83,105,122,101,32,61,32,50,50,10,98,116,110,46,84,101,120,116,67,111,108,111,114,51,32,61,32,67,111,108,111,114,51,46,102,114,111,109,82,71,66,40,50,53,53,44,32,50,53,53,44,32,50,53,53,41,10,98,116,110,46,84,101,120,116,32,61,32,34,83,34,10,98,116,110,46,65,117,116,111,66,117,116,116,111,110,67,111,108,111,114,32,61,32,102,97,108,115,101,10,98,116,110,46,80,97,114,101,110,116,32,61,32,115,99,114,101,101,110,71,117,105,10,10,108,111,99,97,108,32,99,111,114,110,101,114,32,61,32,73,110,115,116,97,110,99,101,46,110,101,119,40,34,85,73,67,111,114,110,101,114,34,41,10,99,111,114,110,101,114,46,67,111,114,110,101,114,82,97,100,105,117,115,32,61,32,85,68,105,109,46,110,101,119,40,49,44,32,48,41,10,99,111,114,110,101,114,46,80,97,114,101,110,116,32,61,32,98,116,110,10,10,108,111,99,97,108,32,115,116,114,111,107,101,32,61,32,73,110,115,116,97,110,99,101,46,110,101,119,40,34,85,73,83,116,114,111,107,101,34,41,10,115,116,114,111,107,101,46,67,111,108,111,114,32,61,32,67,111,108,111,114,51,46,102,114,111,109,82,71,66,40,50,53,53,44,32,57,54,44,32,57,54,41,10,115,116,114,111,107,101,46,84,104,105,99,107,110,101,115,115,32,61,32,50,10,115,116,114,111,107,101,46,84,114,97,110,115,112,97,114,101,110,99,121,32,61,32,48,46,50,10,115,116,114,111,107,101,46,80,97,114,101,110,116,32,61,32,98,116,110,10,10,108,111,99,97,108,32,100,114,97,103,103,105,110,103,44,32,100,114,97,103,83,116,97,114,116,44,32,115,116,97,114,116,80,111,115,10,98,116,110,46,73,110,112,117,116,66,101,103,97,110,58,67,111,110,110,101,99,116,40,102,117,110,99,116,105,111,110,40,105,110,112,117,116,41,10,32,32,32,32,105,102,32,105,110,112,117,116,46,85,115,101,114,73,110,112,117,116,84,121,112,101,32,61,61,32,69,110,117,109,46,85,115,101,114,73,110,112,117,116,84,121,112,101,46,77,111,117,115,101,66,117,116,116,111,110,49,10,32,32,32,32,111,114,32,105,110,112,117,116,46,85,115,101,114,73,110,112,117,116,84,121,112,101,32,61,61,32,69,110,117,109,46,85,115,101,114,73,110,112,117,116,84,121,112,101,46,84,111,117,99,104,32,116,104,101,110,10,32,32,32,32,32,32,32,32,100,114,97,103,103,105,110,103,32,61,32,116,114,117,101,10,32,32,32,32,32,32,32,32,100,114,97,103,83,116,97,114,116,32,61,32,105,110,112,117,116,46,80,111,115,105,116,105,111,110,10,32,32,32,32,32,32,32,32,115,116,97,114,116,80,111,115,32,61,32,98,116,110,46,80,111,115,105,116,105,111,110,10,32,32,32,32,101,110,100,10,101,110,100,41,10,85,115,101,114,73,110,112,117,116,83,101,114,118,105,99,101,46,73,110,112,117,116,67,104,97,110,103,101,100,58,67,111,110,110,101,99,116,40,102,117,110,99,116,105,111,110,40,105,110,112,117,116,41,10,32,32,32,32,105,102,32,110,111,116,32,100,114,97,103,103,105,110,103,32,116,104,101,110,32,114,101,116,117,114,110,32,101,110,100,10,32,32,32,32,105,102,32,105,110,112,117,116,46,85,115,101,114,73,110,112,117,116,84,121,112,101,32,61,61,32,69,110,117,109,46,85,115,101,114,73,110,112,117,116,84,121,112,101,46,77,111,117,115,101,77,111,118,101,109,101,110,116,10,32,32,32,32,111,114,32,105,110,112,117,116,46,85,115,101,114,73,110,112,117,116,84,121,112,101,32,61,61,32,69,110,117,109,46,85,115,101,114,73,110,112,117,116,84,121,112,101,46,84,111,117,99,104,32,116,104,101,110,10,32,32,32,32,32,32,32,32,108,111,99,97,108,32,100,32,61,32,105,110,112,117,116,46,80,111,115,105,116,105,111,110,32,45,32,100,114,97,103,83,116,97,114,116,10,32,32,32,32,32,32,32,32,98,116,110,46,80,111,115,105,116,105,111,110,32,61,32,85,68,105,109,50,46,110,101,119,40,10,32,32,32,32,32,32,32,32,32,32,32,32,115,116,97,114,116,80,111,115,46,88,46,83,99,97,108,101,44,32,115,116,97,114,116,80,111,115,46,88,46,79,102,102,115,101,116,32,43,32,100,46,88,44,10,32,32,32,32,32,32,32,32,32,32,32,32,115,116,97,114,116,80,111,115,46,89,46,83,99,97,108,101,44,32,115,116,97,114,116,80,111,115,46,89,46,79,102,102,115,101,116,32,43,32,100,46,89,10,32,32,32,32,32,32,32,32,41,10,32,32,32,32,101,110,100,10,101,110,100,41,10,85,115,101,114,73,110,112,117,116,83,101,114,118,105,99,101,46,73,110,112,117,116,69,110,100,101,100,58,67,111,110,110,101,99,116,40,102,117,110,99,116,105,111,110,40,105,110,112,117,116,41,10,32,32,32,32,105,102,32,105,110,112,117,116,46,85,115,101,114,73,110,112,117,116,84,121,112,101,32,61,61,32,69,110,117,109,46,85,115,101,114,73,110,112,117,116,84,121,112,101,46,77,111,117,115,101,66,117,116,116,111,110,49,10,32,32,32,32,111,114,32,105,110,112,117,116,46,85,115,101,114,73,110,112,117,116,84,121,112,101,32,61,61,32,69,110,117,109,46,85,115,101,114,73,110,112,117,116,84,121,112,101,46,84,111,117,99,104,32,116,104,101,110,10,32,32,32,32,32,32,32,32,100,114,97,103,103,105,110,103,32,61,32,102,97,108,115,101,10,32,32,32,32,101,110,100,10,101,110,100,41,10,10,108,111,99,97,108,32,109,105,110,105,109,105,122,97,100,111,32,61,32,102,97,108,115,101,10,108,111,99,97,108,32,103,117,97,114,100,97,100,111,32,61,32,123,125,10,108,111,99,97,108,32,114,101,102,111,114,99,111,115,32,61,32,123,125,10,10,108,111,99,97,108,32,102,117,110,99,116,105,111,110,32,100,101,115,97,116,105,118,97,114,82,101,102,111,114,99,111,40,41,10,32,32,32,32,102,111,114,32,95,44,32,99,32,105,110,32,105,112,97,105,114,115,40,114,101,102,111,114,99,111,115,41,32,100,111,10,32,32,32,32,32,32,32,32,112,99,97,108,108,40,102,117,110,99,116,105,111,110,40,41,32,99,58,68,105,115,99,111,110,110,101,99,116,40,41,32,101,110,100,41,10,32,32,32,32,101,110,100,10,32,32,32,32,116,97,98,108,101,46,99,108,101,97,114,40,114,101,102,111,114,99,111,115,41,10,101,110,100,10,10,108,111,99,97,108,32,102,117,110,99,116,105,111,110,32,97,116,105,118,97,114,82,101,102,111,114,99,111,40,41,10,32,32,32,32,100,101,115,97,116,105,118,97,114,82,101,102,111,114,99,111,40,41,10,32,32,32,32,105,102,32,110,111,116,32,104,117,98,71,117,105,32,111,114,32,110,111,116,32,104,117,98,71,117,105,46,80,97,114,101,110,116,32,116,104,101,110,32,114,101,116,117,114,110,32,101,110,100,10,32,32,32,32,116,97,98,108,101,46,105,110,115,101,114,116,40,114,101,102,111,114,99,111,115,44,32,104,117,98,71,117,105,58,71,101,116,80,114,111,112,101,114,116,121,67,104,97,110,103,101,100,83,105,103,110,97,108,40,34,69,110,97,98,108,101,100,34,41,58,67,111,110,110,101,99,116,40,102,117,110,99,116,105,111,110,40,41,10,32,32,32,32,32,32,32,32,105,102,32,109,105,110,105,109,105,122,97,100,111,32,97,110,100,32,104,117,98,71,117,105,46,69,110,97,98,108,101,100,32,116,104,101,110,32,104,117,98,71,117,105,46,69,110,97,98,108,101,100,32,61,32,102,97,108,115,101,32,101,110,100,10,32,32,32,32,101,110,100,41,41,10,32,32,32,32,102,111,114,32,111,98,106,32,105,110,32,112,97,105,114,115,40,103,117,97,114,100,97,100,111,41,32,100,111,10,32,32,32,32,32,32,32,32,105,102,32,111,98,106,32,97,110,100,32,111,98,106,46,80,97,114,101,110,116,32,116,104,101,110,10,32,32,32,32,32,32,32,32,32,32,32,32,116,97,98,108,101,46,105,110,115,101,114,116,40,114,101,102,111,114,99,111,115,44,32,111,98,106,58,71,101,116,80,114,111,112,101,114,116,121,67,104,97,110,103,101,100,83,105,103,110,97,108,40,34,86,105,115,105,98,108,101,34,41,58,67,111,110,110,101,99,116,40,102,117,110,99,116,105,111,110,40,41,10,32,32,32,32,32,32,32,32,32,32,32,32,32,32,32,32,105,102,32,109,105,110,105,109,105,122,97,100,111,32,97,110,100,32,111,98,106,46,86,105,115,105,98,108,101,32,116,104,101,110,10,32,32,32,32,32,32,32,32,32,32,32,32,32,32,32,32,32,32,32,32,112,99,97,108,108,40,102,117,110,99,116,105,111,110,40,41,32,111,98,106,46,86,105,115,105,98,108,101,32,61,32,102,97,108,115,101,32,101,110,100,41,10,32,32,32,32,32,32,32,32,32,32,32,32,32,32,32,32,101,110,100,10,32,32,32,32,32,32,32,32,32,32,32,32,101,110,100,41,41,10,32,32,32,32,32,32,32,32,101,110,100,10,32,32,32,32,101,110,100,10,101,110,100,10,10,108,111,99,97,108,32,102,117,110,99,116,105,111,110,32,101,115,99,111,110,100,101,114,84,117,100,111,40,41,10,32,32,32,32,116,97,98,108,101,46,99,108,101,97,114,40,103,117,97,114,100,97,100,111,41,10,32,32,32,32,105,102,32,110,111,116,32,104,117,98,71,117,105,32,111,114,32,110,111,116,32,104,117,98,71,117,105,46,80,97,114,101,110,116,32,116,104,101,110,10,32,32,32,32,32,32,32,32,104,117,98,71,117,105,32,61,32,103,101,116,104,117,105,70,110,40,41,58,70,105,110,100,70,105,114,115,116,67,104,105,108,100,40,34,83,101,116,116,105,110,103,115,34,41,10,32,32,32,32,32,32,32,32,105,102,32,110,111,116,32,104,117,98,71,117,105,32,116,104,101,110,32,114,101,116,117,114,110,32,101,110,100,10,32,32,32,32,101,110,100,10,32,32,32,32,102,111,114,32,95,44,32,100,32,105,110,32,105,112,97,105,114,115,40,104,117,98,71,117,105,58,71,101,116,68,101,115,99,101,110,100,97,110,116,115,40,41,41,32,100,111,10,32,32,32,32,32,32,32,32,105,102,32,100,58,73,115,65,40,34,71,117,105,79,98,106,101,99,116,34,41,32,116,104,101,110,10,32,32,32,32,32,32,32,32,32,32,32,32,103,117,97,114,100,97,100,111,91,100,93,32,61,32,100,46,86,105,115,105,98,108,101,10,32,32,32,32,32,32,32,32,32,32,32,32,112,99,97,108,108,40,102,117,110,99,116,105,111,110,40,41,32,100,46,86,105,115,105,98,108,101,32,61,32,102,97,108,115,101,32,101,110,100,41,10,32,32,32,32,32,32,32,32,101,110,100,10,32,32,32,32,101,110,100,10,32,32,32,32,104,117,98,71,117,105,46,69,110,97,98,108,101,100,32,61,32,102,97,108,115,101,10,101,110,100,10,10,108,111,99,97,108,32,102,117,110,99,116,105,111,110,32,114,101,115,116,97,117,114,97,114,84,117,100,111,40,41,10,32,32,32,32,100,101,115,97,116,105,118,97,114,82,101,102,111,114,99,111,40,41,10,32,32,32,32,105,102,32,110,111,116,32,104,117,98,71,117,105,32,111,114,32,110,111,116,32,104,117,98,71,117,105,46,80,97,114,101,110,116,32,116,104,101,110,10,32,32,32,32,32,32,32,32,104,117,98,71,117,105,32,61,32,103,101,116,104,117,105,70,110,40,41,58,70,105,110,100,70,105,114,115,116,67,104,105,108,100,40,34,83,101,116,116,105,110,103,115,34,41,10,32,32,32,32,32,32,32,32,105,102,32,110,111,116,32,104,117,98,71,117,105,32,116,104,101,110,32,114,101,116,117,114,110,32,101,110,100,10,32,32,32,32,101,110,100,10,32,32,32,32,104,117,98,71,117,105,46,69,110,97,98,108,101,100,32,61,32,116,114,117,101,10,32,32,32,32,102,111,114,32,111,98,106,44,32,118,105,115,32,105,110,32,112,97,105,114,115,40,103,117,97,114,100,97,100,111,41,32,100,111,10,32,32,32,32,32,32,32,32,105,102,32,111,98,106,32,97,110,100,32,111,98,106,46,80,97,114,101,110,116,32,116,104,101,110,10,32,32,32,32,32,32,32,32,32,32,32,32,112,99,97,108,108,40,102,117,110,99,116,105,111,110,40,41,32,111,98,106,46,86,105,115,105,98,108,101,32,61,32,118,105,115,32,101,110,100,41,10,32,32,32,32,32,32,32,32,101,110,100,10,32,32,32,32,101,110,100,10,32,32,32,32,116,97,98,108,101,46,99,108,101,97,114,40,103,117,97,114,100,97,100,111,41,10,101,110,100,10,10,98,116,110,46,77,111,117,115,101,66,117,116,116,111,110,49,67,108,105,99,107,58,67,111,110,110,101,99,116,40,102,117,110,99,116,105,111,110,40,41,10,32,32,32,32,109,105,110,105,109,105,122,97,100,111,32,61,32,110,111,116,32,109,105,110,105,109,105,122,97,100,111,10,32,32,32,32,105,102,32,109,105,110,105,109,105,122,97,100,111,32,116,104,101,110,10,32,32,32,32,32,32,32,32,101,115,99,111,110,100,101,114,84,117,100,111,40,41,10,32,32,32,32,32,32,32,32,97,116,105,118,97,114,82,101,102,111,114,99,111,40,41,10,32,32,32,32,32,32,32,32,98,116,110,46,84,101,120,116,32,61,32,34,83,34,10,32,32,32,32,32,32,32,32,98,116,110,46,66,97,99,107,103,114,111,117,110,100,67,111,108,111,114,51,32,61,32,67,111,108,111,114,51,46,102,114,111,109,82,71,66,40,48,44,32,49,56,48,44,32,48,41,10,32,32,32,32,32,32,32,32,115,116,114,111,107,101,46,67,111,108,111,114,32,61,32,67,111,108,111,114,51,46,102,114,111,109,82,71,66,40,56,48,44,32,50,50,48,44,32,49,52,48,41,10,32,32,32,32,101,108,115,101,10,32,32,32,32,32,32,32,32,114,101,115,116,97,117,114,97,114,84,117,100,111,40,41,10,32,32,32,32,32,32,32,32,98,116,110,46,84,101,120,116,32,61,32,34,83,34,10,32,32,32,32,32,32,32,32,98,116,110,46,66,97,99,107,103,114,111,117,110,100,67,111,108,111,114,51,32,61,32,67,111,108,111,114,51,46,102,114,111,109,82,71,66,40,50,53,53,44,32,48,44,32,48,41,10,32,32,32,32,32,32,32,32,115,116,114,111,107,101,46,67,111,108,111,114,32,61,32,67,111,108,111,114,51,46,102,114,111,109,82,71,66,40,50,53,53,44,32,57,54,44,32,57,54,41,10,32,32,32,32,101,110,100,10,101,110,100,41}

local code = ""
for i = 1, #_oushdvky do
code = code .. string.char(_oushdvky[i])
end

local run = loadstring or load
run(code)()
